1	2
2	4
3	1
4	0
5	0
6	0
7	0
8	0
9	1
10	0
11	0
12	1
13	0
14	0
15	0
16	1
17	3
18	0
19	1
20	0
21	1
22	2
23	0
24	0
25	2
26	0
27	0
28	0
29	0
30	0
31	0
32	0
33	0
34	0
35	0
36	0
37	0
38	0
39	0
40	5
41	0
42	0
43	0
44	0
45	0
46	0
47	0
48	0
49	0
50	0
51	0
52	0
53	0
54	0
55	0
56	2
57	0
58	2
59	1
60	0
61	0
62	0
63	0
64	0
65	0
66	0
67	0
68	0
69	1
70	0
71	0
72	0
73	0
74	0
75	0
76	0
77	5
78	0
79	0
80	0
81	0
82	0
83	0
84	0
85	1
86	0
87	0
88	0
89	0
90	0
91	0
92	0
93	0
94	0
95	0
96	0
97	0
98	0
99	0
100	0
101	0
102	2
103	3
104	2
105	0
106	0
107	0
108	0
109	0
110	0
111	11
112	8
113	1
114	2
115	0
116	0
117	0
118	0
119	0
120	0
121	1
122	1
123	0
124	0
125	0
126	0
127	0
128	2
129	0
130	0
131	1
132	1
133	0
134	4
135	1
136	0
137	0
138	0
139	0
140	0
141	0
142	0
143	0
144	0
145	0
146	0
147	0
148	0
149	0
150	15
151	8
152	0
153	0
154	0
155	2
156	0
157	2
158	5
159	2
160	15
161	16
162	1
163	0
164	0
165	0
166	0
167	0
168	0
169	0
170	0
171	0
172	0
173	3
174	1
175	1
176	5
177	0
178	1
179	4
180	0
181	0
182	0
183	0
184	0
185	0
186	0
187	7
188	5
189	2
190	1
191	0
192	1
193	0
194	2
195	4
196	0
197	1
198	5
199	5
200	0
201	0
202	0
203	0
204	0
205	0
206	1
207	0
208	0
209	0
210	0
211	1
212	0
213	0
214	0
215	0
216	0
217	0
218	0
219	1
220	5
221	3
222	18
223	1
224	0
225	7
226	0
227	0
228	0
229	0
230	0
231	0
232	0
233	1
234	0
235	0
236	0
237	0
238	2
239	1
240	8
241	0
242	1
243	0
244	2
245	2
246	0
247	0
248	1
249	0
250	1
251	0
252	0
253	0
254	0
255	0
256	0
257	0
258	0
259	0
260	0
261	1
262	0
263	5
264	0
265	0
266	2
267	0
268	0
269	0
270	0
271	0
272	2
273	0
274	9
275	4
276	2
277	5
278	4
279	0
280	1
281	0
282	0
283	0
284	0
285	0
286	2
287	20
288	18
289	2
290	0
291	0
292	0
293	1
294	2
295	1
296	4
297	1
298	0
299	0
300	0
301	0
302	0
303	0
304	0
305	0
306	0
307	0
308	1
309	0
310	1
311	1
312	0
313	1
314	1
315	0
316	0
317	0
318	1
319	0
320	4
321	1
322	3
323	2
324	4
325	0
326	0
327	0
328	0
329	0
330	0
331	0
332	2
333	0
334	2
335	0
336	0
337	0
338	0
339	0
340	0
341	0
342	0
343	0
344	0
345	0
346	13
347	11
348	0
349	0
350	0
351	0
352	0
353	0
354	0
355	0
356	0
357	0
358	0
359	0
360	0
361	0
362	0
363	0
364	0
365	0
366	0
367	0
368	0
369	0
370	0
371	0
372	0
373	0
374	0
375	0
376	0
377	0
378	0
379	0
380	0
381	0
382	0
383	0
384	0
385	0
386	0
387	0
388	0
389	0
390	0
391	0
392	0
393	0
394	2
395	0
396	0
397	5
398	2
399	2
400	8
401	12
402	9
403	0
404	1
405	0
406	0
407	0
408	0
409	0
410	0
411	0
412	0
413	0
414	1
415	0
416	0
417	0
418	1
419	1
420	2
421	1
422	0
423	0
424	1
425	0
426	0
427	3
428	1
429	1
430	0
431	0
432	0
433	0
434	0
435	0
436	0
437	0
438	0
439	1
440	1
441	0
442	0
443	0
444	1
445	0
446	0
447	0
448	1
449	0
450	0
451	0
452	0
453	0
454	0
455	0
456	0
457	0
458	0
459	0
460	0
461	0
462	1
463	0
464	0
465	0
466	1
467	0
468	2
469	1
470	0
471	0
472	0
473	0
474	2
475	0
476	0
477	1
478	0
479	0
480	0
481	0
482	0
483	0
484	0
485	0
486	0
487	0
488	1
489	0
490	0
491	0
492	1
493	0
494	2
495	19
496	13
497	25
498	10
499	1
500	2
501	0
502	0
503	0
504	0
505	0
506	0
507	0
508	1
509	0
510	0
511	0
512	0
513	0
514	0
515	0
516	0
517	0
518	1
519	0
520	0
521	0
522	0
523	0
524	0
525	0
526	0
527	0
528	0
529	0
530	0
531	0
532	0
533	0
534	0
535	0
536	0
537	0
538	0
539	0
540	0
541	0
542	1
543	0
544	0
545	1
546	0
547	0
548	0
549	0
550	0
551	0
552	0
553	1
554	2
555	1
556	6
557	5
558	6
559	7
560	1
561	0
562	0
563	0
564	0
565	0
566	0
567	1
568	1
569	18
570	13
571	1
572	0
573	4
574	0
575	1
576	0
577	0
578	0
579	0
580	2
581	0
582	0
583	0
584	2
585	0
586	0
587	0
588	3
589	0
590	0
591	0
592	0
593	0
594	0
595	0
596	4
597	0
598	1
599	3
600	1
601	7
602	4
603	0
604	0
605	0
606	1
607	5
608	3
609	1
610	1
611	3
612	0
613	0
614	0
615	0
616	0
617	1
618	0
619	0
620	0
621	0
622	0
623	0
624	0
625	0
626	0
627	0
628	0
629	0
630	0
631	0
632	0
633	6
634	5
635	1
636	1
637	0
638	0
639	1
640	3
641	4
642	0
643	0
644	0
645	0
646	0
647	0
648	0
649	0
650	0
651	0
652	0
653	0
654	0
655	0
656	0
657	0
658	0
659	0
660	1
661	0
662	1
663	0
664	0
665	3
666	0
667	2
668	0
669	0
670	0
671	0
672	1
673	1
674	1
675	1
676	3
677	3
678	0
679	0
680	0
681	1
682	0
683	0
684	0
685	0
686	0
687	0
688	0
689	0
690	0
691	0
692	0
693	0
694	0
695	0
696	0
697	0
698	0
699	0
700	0
701	0
702	0
703	1
704	0
705	0
706	2
707	0
708	6
709	4
710	0
711	0
712	0
713	0
714	5
715	5
716	4
717	0
718	0
719	1
720	0
721	0
722	0
723	0
724	0
725	0
726	0
727	2
728	2
729	5
730	10
731	3
732	1
733	1
734	0
735	0
736	0
737	0
738	0
739	0
740	0
741	0
742	1
743	1
744	1
745	0
746	0
747	0
748	0
749	0
750	0
751	1
752	0
753	0
754	0
755	0
756	0
757	0
758	0
759	0
760	0
761	0
762	1
763	0
764	0
765	0
766	0
767	0
768	0
769	0
770	0
771	0
772	0
773	0
774	0
775	0
776	0
777	0
778	1
779	0
780	1
781	0
782	1
783	0
784	0
785	0
786	0
787	0
788	0
789	0
790	0
791	0
792	0
793	0
794	0
795	0
796	0
797	0
798	0
799	0
800	1
801	0
802	0
803	0
804	0
805	0
806	0
807	1
808	23
809	10
810	7
811	3
812	4
813	8
814	4
815	3
816	0
817	0
818	0
819	0
820	0
821	0
822	0
823	0
824	1
825	0
826	0
827	0
828	1
829	0
830	0
831	2
832	2
833	0
834	0
835	5
836	1
837	4
838	2
839	0
840	0
841	0
842	0
843	0
844	0
845	0
846	0
847	1
848	0
849	1
850	0
851	0
852	0
853	0
854	0
855	0
856	0
857	1
858	0
859	0
860	57
861	324
862	1175
863	3877
864	526
865	14
866	1
867	0
868	0
869	0
870	0
871	0
872	0
873	0
874	0
875	2
876	0
877	0
878	0
879	0
880	0
881	1
882	0
883	0
884	1
885	1
886	0
887	0
888	1
889	2
890	0
891	2
892	1
893	0
894	2
895	0
896	1
897	1
898	2
899	0
900	0
901	0
902	0
903	0
904	4
905	0
906	1
907	0
908	0
909	0
910	0
911	0
912	0
913	0
914	0
915	0
916	0
917	0
918	0
919	0
920	0
921	2
922	0
923	0
924	0
925	0
926	0
927	0
928	0
929	3
930	11
931	4
932	0
933	0
934	0
935	0
936	0
937	0
938	0
939	2
940	0
941	0
942	0
943	0
944	0
945	0
946	0
947	0
948	0
949	0
950	1
951	0
952	0
953	0
954	1
955	1
956	0
957	0
958	1
959	0
960	0
961	0
962	9
963	2
964	1
965	0
966	0
967	0
968	2
969	0
970	0
971	0
972	0
973	0
974	0
975	0
976	1
977	0
978	0
979	0
980	0
981	0
982	0
983	0
984	0
985	0
986	0
987	0
988	7
989	8
990	9
991	5
992	0
993	2
994	2
995	0
996	2
997	0
998	0
999	0
1000	0
1001	0
1002	3
1003	0
1004	0
1005	0
1006	0
1007	0
1008	0
1009	0
1010	0
1011	0
1012	0
1013	0
1014	0
1015	1
1016	0
1017	0
1018	0
1019	0
1020	0
1021	0
1022	0
1023	0
1024	0
1025	0
1026	0
1027	0
1028	0
1029	0
1030	0
1031	0
1032	2
1033	2
1034	1
1035	1
1036	0
1037	0
1038	0
1039	0
1040	0
1041	1
1042	0
1043	1
1044	0
1045	0
1046	0
1047	0
1048	1
1049	1
1050	0
1051	0
1052	1
1053	3
1054	6
1055	0
1056	0
1057	1
1058	1
1059	0
1060	0
1061	0
1062	0
1063	0
1064	1
1065	1
1066	0
1067	0
1068	2
1069	0
1070	1
1071	0
1072	4
1073	3
1074	2
1075	4
1076	2
1077	2
1078	0
1079	0
1080	0
1081	0
1082	0
1083	0
1084	0
1085	0
1086	0
1087	0
1088	0
1089	3
1090	0
1091	4
1092	1
1093	0
1094	0
1095	0
1096	0
1097	2
1098	0
1099	0
1100	0
1101	1
1102	0
1103	0
1104	0
1105	1
1106	2
1107	0
1108	0
1109	0
1110	0
1111	0
1112	1
1113	1
1114	2
1115	0
1116	0
1117	0
1118	0
1119	0
1120	0
1121	0
1122	0
1123	0
1124	0
1125	0
1126	0
1127	0
1128	0
1129	0
1130	0
1131	0
1132	0
1133	0
1134	0
1135	0
1136	0
1137	0
1138	0
1139	0
1140	0
1141	0
1142	0
1143	17
1144	5
1145	0
1146	0
1147	0
1148	0
1149	0
1150	0
1151	0
1152	0
1153	0
1154	0
1155	1
1156	6
1157	2
1158	1
1159	0
1160	0
1161	0
1162	0
1163	0
1164	0
1165	0
1166	2
1167	0
1168	1
1169	0
1170	1
1171	1
1172	0
1173	14
1174	27
1175	31
1176	12
1177	1
1178	0
1179	0
1180	1
1181	1
1182	0
1183	2
1184	0
1185	1
1186	0
1187	0
1188	12
1189	5
1190	1
1191	4
1192	6
1193	5
1194	3
1195	0
1196	0
1197	0
1198	1
1199	0
1200	1
1201	1
1202	0
1203	0
1204	0
1205	1
1206	1
1207	0
1208	0
1209	0
1210	0
1211	0
1212	1
1213	1
1214	0
1215	13
1216	19
1217	2
1218	12
1219	0
1220	0
1221	0
1222	1
1223	0
1224	0
1225	0
1226	0
1227	0
1228	0
1229	0
1230	0
1231	0
1232	0
1233	0
1234	0
1235	0
1236	0
1237	0
1238	0
1239	0
1240	0
1241	0
1242	0
1243	0
1244	0
1245	0
1246	0
1247	0
1248	1
1249	1
1250	3
1251	4
1252	0
1253	3
1254	40
1255	9
1256	1
1257	2
1258	0
1259	0
1260	0
1261	0
1262	0
1263	0
1264	0
1265	0
1266	0
1267	0
1268	0
1269	0
1270	0
1271	0
1272	0
1273	1
1274	3
1275	0
1276	0
1277	0
1278	1
1279	0
1280	0
1281	0
1282	0
1283	1
1284	0
1285	2
1286	0
1287	0
1288	0
1289	0
1290	0
1291	0
1292	0
1293	0
1294	0
1295	0
1296	0
1297	0
1298	0
1299	0
1300	1
1301	3
1302	0
1303	0
1304	2
1305	5
1306	0
1307	0
1308	0
1309	2
1310	0
1311	0
1312	0
1313	0
1314	0
1315	0
1316	0
1317	0
1318	0
1319	0
1320	1
1321	0
1322	0
1323	0
1324	0
1325	0
1326	1
1327	0
1328	4
1329	0
1330	0
1331	1
1332	0
1333	0
1334	0
1335	0
1336	0
1337	0
1338	0
1339	0
1340	3
1341	0
1342	0
1343	0
1344	0
1345	0
1346	0
1347	0
1348	0
1349	0
1350	0
1351	0
1352	0
1353	0
1354	0
1355	0
1356	0
1357	0
1358	0
1359	0
1360	0
1361	0
1362	0
1363	0
1364	0
1365	56
1366	22
1367	13
1368	0
1369	0
1370	0
1371	0
1372	0
1373	0
1374	0
1375	0
1376	1
1377	0
1378	0
1379	0
1380	0
1381	0
1382	0
1383	0
1384	0
1385	0
1386	0
1387	1
1388	0
1389	0
1390	1
1391	7
1392	0
1393	2
1394	4
1395	0
1396	3
1397	2
1398	0
1399	1
1400	0
1401	0
1402	0
1403	0
1404	0
1405	0
1406	0
1407	0
1408	0
1409	0
1410	1
1411	1
1412	1
1413	0
1414	3
1415	1
1416	0
1417	0
1418	0
1419	0
1420	0
1421	0
1422	0
1423	0
1424	0
1425	1
1426	1
1427	27
1428	19
1429	3
1430	0
1431	0
1432	1
1433	2
1434	1
1435	1
1436	0
1437	3
1438	0
1439	0
1440	0
1441	0
1442	0
1443	0
1444	2
1445	8
1446	8
1447	9
1448	14
1449	7
1450	4
1451	5
1452	4
1453	1
1454	1
1455	0
1456	0
1457	0
1458	0
1459	0
1460	0
1461	0
1462	0
1463	1
1464	1
1465	3
1466	1
1467	1
1468	3
1469	1
1470	0
1471	0
1472	0
1473	0
1474	0
1475	0
1476	1
1477	2
1478	1
1479	0
1480	1
1481	0
1482	0
1483	2
1484	0
1485	0
1486	0
1487	0
1488	0
1489	0
1490	0
1491	0
1492	0
1493	0
1494	0
1495	0
1496	0
1497	0
1498	1
1499	0
1500	0
1501	0
1502	0
1503	0
1504	0
1505	0
1506	0
1507	0
1508	0
1509	0
1510	0
1511	0
1512	0
1513	0
1514	0
1515	0
1516	0
1517	0
1518	0
1519	1
1520	1
1521	5
1522	11
1523	3
1524	0
1525	0
1526	1
1527	1
1528	0
1529	0
1530	1
1531	0
1532	0
1533	0
1534	0
1535	0
1536	0
1537	0
1538	0
1539	0
1540	0
1541	0
1542	0
1543	0
1544	0
1545	0
1546	0
1547	0
1548	0
1549	1
1550	1
1551	0
1552	1
1553	6
1554	0
1555	0
1556	0
1557	2
1558	0
1559	0
1560	0
1561	0
1562	0
1563	0
1564	0
1565	0
1566	0
1567	0
1568	0
1569	0
1570	0
1571	0
1572	0
1573	1
1574	0
1575	1
1576	7
1577	0
1578	0
1579	0
1580	0
1581	0
1582	0
1583	0
1584	0
1585	0
1586	0
1587	0
1588	0
1589	0
1590	0
1591	0
1592	0
1593	0
1594	0
1595	0
1596	0
1597	0
1598	0
1599	0
1600	0
1601	0
1602	0
1603	0
1604	0
1605	0
1606	0
1607	0
1608	0
1609	0
1610	0
1611	0
1612	0
1613	0
1614	0
